,0,1,2,3,4,5,6,7,8,9,10,11,12,13,14,15,16,17,18,19,20,21,22,23,24,25,26,27,28,29,30,31,32,33,34,35,36,37,38,39,40,41,42,43,44,45,46,47,48,49,50,51,52,53,54,55,56,57,58,59,60,61,62,63,64,65,66,67,68,69,70,71,72,73,74,75,76,77,78,79,80,81,82,83,84,85,86,87,88,89,90,91,92,93,94,95,96,97,98,99,100,101,102,103,104,105,106,107,108,109,110,111,112,113,114,115,116,117,118,119,120,121,122,123,124,125,126,127,128,129,130,131,132,133,134,135,136,137,138,139,140,141,142,143,144,145,146,147,148,149,150,151,152,153,154,155,156,157,158,159,160,161,162,163,164,165,166,167,168,169,170,171,172,173,174,175,176,177,178,179,180,181,182,183,184,185,186
0,1.0,0.7026171689305275,0.0,0.0,0.0,0.703489842985436,0.0,1.0,1.0,1.0,0.0,0.0,0.0,0.0,0.0,0.5669467095138409,0.0,1.0,0.6546536707079772,0.0,1.0,0.0,0.7006490497453707,0.0,1.0,0.0,0.0,0.7053006306475536,0.0,0.0,1.0,0.0,1.0,0.0,1.0,1.0,0.0,0.0,1.0,1.0,1.0,0.7042497724071225,1.0,0.0,0.6928203230275508,0.6969320524371696,1.0,0.0,0.0,1.0,0.0,0.0,0.0,0.0,1.0,0.7026734661277598,0.0,1.0,0.0,1.0,1.0,0.0,0.0,0.0,1.0,0.0,0.0,0.0,0.0,0.0,0.0,0.0,0.0,0.0,1.0,1.0,1.0,0.0,1.0,1.0,1.0,1.0,0.0,0.0,1.0,0.0,1.0,0.0,1.0,1.0,1.0,1.0,0.0,1.0,0.0,0.0,0.0,0.0,0.0,0.0,0.0,0.0,0.0,0.0,0.0,0.0,0.0,0.0,0.0,0.0,0.0,0.0,0.0,0.0,0.0,0.0,0.0,0.0,0.0,0.0,0.0,0.0,0.0,0.0,0.0,0.0,0.0,0.0,0.0,0.0,0.0,0.0,0.0,0.0,0.0,0.0,0.0,0.0,0.0,0.0,0.0,0.0,0.0,0.0,0.0,0.0,0.0,0.0,0.0,0.0,0.0,0.0,0.0,0.0,0.0,0.0,0.0,0.0,0.0,0.0,0.0,0.0,0.0,0.0,0.0,0.0,0.0,0.0,0.0,0.0,0.0,0.0,0.0,0.0,0.0,0.0,0.0,0.0,0.0,0.0,0.0,0.0,0.0,0.0,0.0,0.0,0.0
1,0.7026171689305275,1.0,0.36822797743604746,0.0,0.0,0.841422871141826,0.8571428571428571,0.36556880747048387,0.6539784217704622,0.315292639969438,0.0,0.0,0.7587869106393281,0.7960195695691951,0.0,0.2841688473443973,0.0,0.44398457423459364,0.8993461677306268,0.5936580061249742,0.6983587316220704,0.0,0.782697328259534,0.574755423385904,0.49065338146265813,0.0,0.6312505932105728,0.5851192459829915,0.0,0.7513796833634967,0.7257206142050043,0.5969620057957092,0.7334022006230877,0.5267023681505378,0.2776571911605986,0.44595560821048325,0.5462216512182374,0.5955181144234731,0.7031674369909662,0.6997023176561111,0.699205898780101,0.5878490433990221,0.8032193289024988,0.6008977599076547,0.7809475220897141,0.1725491036522523,0.11353187097803705,0.7697704747851347,0.5435115582987876,0.4442420436850653,0.5615925058548009,0.6484482825963503,0.660998467033002,0.8618916073713346,0.5435366406954888,0.6339632181664637,0.6252272314199782,0.892497464499441,0.3429971702850177,0.7029836744275274,0.2820380374088831,0.23477676001400136,0.0,0.0,0.7268402263103562,0.15830295847646214,0.0,1.0,0.0,0.0,0.0,0.0,0.5995006241332085,0.0,0.4417595671307133,0.5717174489413002,0.7043818894277777,0.0,1.0,1.0,1.0,0.7052033947429558,0.0,0.0,1.0,0.0,1.0,0.0,0.23263800934072706,0.43842759727236263,1.0,1.0,1.0,1.0,0.0,0.5091750772173156,0.0,0.0,0.0,0.0,0.0,0.0,0.0,0.0,0.0,0.0,0.0,0.0,0.0,0.0,0.0,0.0,0.0,0.0,0.0,0.0,0.0,0.0,0.0,0.0,0.0,0.0,0.0,0.0,0.0,0.0,0.0,0.0,0.0,0.0,0.0,0.0,0.0,0.0,0.0,0.0,0.0,0.0,0.0,0.0,0.0,0.0,0.0,0.0,0.0,0.0,0.0,0.0,0.0,0.0,0.0,0.0,0.0,0.0,0.0,0.0,0.0,0.0,0.0,0.0,0.0,0.0,0.0,0.0,0.0,0.0,0.0,0.0,0.0,0.0,0.0,0.0,0.0,0.0,0.0,0.0,0.0,0.0,0.0,0.0,0.0,0.0,0.0,0.0,0.0,0.0,0.0
2,0.0,0.36822797743604746,1.0,0.7069303353244901,0.0,0.8653453680268146,1.0,1.0,-0.00016225864027259452,0.0,0.0,0.0,0.891896981712967,0.815622855069198,0.0,0.0,0.0,0.0,0.7649739768026003,1.0,1.0,0.0,0.8942708636036332,0.0,0.0,0.0,0.8161819993013596,0.7904043749759198,0.0,0.8654144510425874,1.0,0.8014507516435327,0.7985272459499264,0.7974409535778859,0.0,0.0,1.0,0.8156181550887611,0.0,0.0,0.0,0.7557048231852381,1.0,1.0,0.7035021352044982,0.11547950040020528,0.4074728289043495,0.8653720461631188,1.0,0.0,0.5264167823233145,0.8156491530077212,0.6527506036853987,1.0,0.7552203731903256,0.1402054995726355,0.863642935986349,1.0,0.11516335992621968,0.0,0.0,1.0,0.0,0.0,0.8655298241136501,0.33486506673999256,0.0,0.8280786712108251,0.0,0.0,0.0,0.0,1.0,0.0,0.0,0.0,0.0,0.0,0.0,0.0,0.0,0.0,0.0,0.0,0.0,0.0,0.0,0.0,0.0,0.4703584482875253,0.0,0.0,0.0,0.0,0.0,0.0,0.0,0.0,1.0,0.7070529904001789,0.0,0.0,0.0,0.0,0.0,0.0,0.0,0.0,0.0,0.0,0.0,0.0,0.0,0.0,0.0,0.0,0.0,0.0,0.0,0.0,0.0,0.0,0.0,0.0,0.0,0.0,0.0,0.0,0.0,0.0,0.0,0.0,0.0,0.0,0.0,0.0,0.0,0.0,0.0,0.0,0.0,0.0,0.0,0.0,0.0,0.0,0.0,0.0,0.0,0.0,0.0,0.0,0.0,0.0,0.0,0.0,0.0,0.0,0.0,0.0,0.0,0.0,0.0,0.0,0.0,0.0,0.0,0.0,0.0,0.0,0.0,0.0,0.0,0.0,0.0,0.0,0.0,0.0,0.0,0.0,0.0,0.0,0.0,0.0,0.0,0.0,0.0
3,0.0,0.0,0.7069303353244901,1.0,0.0,0.0,0.0,0.0,0.0,0.0,0.0,0.0,0.0,0.0,0.0,0.0,0.0,0.0,0.53748384988657,0.0,0.0,0.0,0.0,0.0,0.0,0.0,1.0,0.0,0.0,0.0,0.0,0.7067768969692998,0.0,0.0,0.0,0.0,0.0,0.0,0.0,0.0,0.0,0.0,0.0,0.0,0.0,0.25826386996456013,0.0,0.0,0.0,0.0,0.0,0.0,0.0,0.0,0.0,0.0,0.0,0.0,0.14285714285714285,0.0,0.0,0.0,0.0,0.0,0.0,0.0,0.0,0.0,0.0,0.0,0.0,0.0,0.0,0.0,0.0,0.0,0.0,0.0,0.0,0.0,0.0,0.0,0.0,0.0,0.0,0.0,0.0,0.0,0.0,0.5760715294819264,0.0,0.0,0.0,0.0,0.0,0.0,0.0,0.0,0.0,1.0,0.0,0.0,0.0,0.0,0.0,0.0,0.0,0.0,0.0,0.0,0.0,0.0,0.0,0.0,0.0,0.0,0.0,0.0,0.0,0.0,0.0,0.0,0.0,0.0,0.0,0.0,0.0,0.0,0.0,0.0,0.0,0.0,0.0,0.0,0.0,0.0,0.0,0.0,0.0,0.0,0.0,0.0,0.0,0.0,0.0,0.0,0.0,0.0,0.0,0.0,0.0,0.0,0.0,0.0,0.0,0.0,0.0,0.0,0.0,0.0,0.0,0.0,0.0,0.0,0.0,0.0,0.0,0.0,0.0,0.0,0.0,0.0,0.0,0.0,0.0,0.0,0.0,0.0,0.0,0.0,0.0,0.0,0.0,0.0,0.0,0.0,0.0
4,0.0,0.0,0.0,0.0,1.0,0.0,0.0,0.0,0.0,0.0,0.0,0.0,0.0,0.0,0.0,0.0,0.0,0.0,0.0,0.0,0.0,0.0,0.0,0.0,0.0,0.0,0.0,0.0,0.0,0.0,0.0,0.0,0.0,0.0,0.0,0.0,0.0,0.0,0.0,0.0,0.0,0.0,0.0,0.0,0.0,0.0,0.0,0.0,0.0,0.0,0.0,0.0,0.0,0.0,0.0,0.0,0.0,0.0,0.0,0.0,0.0,0.0,0.0,0.0,0.0,0.0,0.0,0.0,0.0,0.0,0.0,0.0,0.0,0.0,0.0,0.0,0.0,0.0,0.0,0.0,0.0,0.0,0.0,0.0,0.0,0.0,0.0,0.0,0.0,0.0,0.0,0.0,0.0,0.0,0.0,0.0,0.0,0.0,0.0,0.0,0.0,0.0,0.0,0.0,0.0,0.0,0.0,0.0,0.0,0.0,0.0,0.0,0.0,0.0,0.0,0.0,0.0,0.0,0.0,0.0,0.0,0.0,0.0,0.0,0.0,0.0,0.0,0.0,0.0,0.0,0.0,0.0,0.0,0.0,0.0,0.0,0.0,0.0,0.0,0.0,0.0,0.0,0.0,0.0,0.0,0.0,0.0,0.0,0.0,0.0,0.0,0.0,0.0,0.0,0.0,0.0,0.0,0.0,0.0,0.0,0.0,0.0,0.0,0.0,0.0,0.0,0.0,0.0,0.0,0.0,0.0,0.0,0.0,0.0,0.0,0.0,0.0,0.0,0.0,0.0,0.0,0.0,0.0,0.0,0.0,0.0,0.0
5,0.703489842985436,0.841422871141826,0.8653453680268146,0.0,0.0,1.0,0.8451542547285166,0.7,0.40387244239458975,0.7060692064806225,0.0,0.0,1.0,0.9419577465627994,0.0,0.39532139618164647,0.7057079533454471,0.706075260898212,0.49735027281476557,0.9097392872555607,0.9244965535636249,0.0,1.0,0.0,0.7019641181630338,0.0,0.7805694830964925,0.7488066825775657,0.0,1.0,0.7469418960244648,0.8934283886883636,0.9088582902811997,0.8809793925206482,0.49421965317919075,0.7047921864945659,0.892497464499441,1.0,0.703489842985436,0.7024393586862705,0.7019641181630338,0.7530455447436782,0.9042179288717304,0.8639609779547751,0.8328713578909894,0.1329679708930781,0.40342974430362954,1.0,0.9121296615506589,0.7014723744122017,0.7867837456508505,1.0,0.5673649067577046,0.8043996665398437,0.7457805907172996,0.3310423554409472,0.8087571021725035,0.8574929257125441,0.2182178902359924,0.7035623639735145,0.7048512514170658,1.0,0.0,0.0,0.8920452235459051,0.3512543659936907,0.0,1.0,0.0,0.0,0.0,0.0,1.0,0.0,1.0,1.0,1.0,0.0,1.0,1.0,1.0,1.0,0.0,0.0,1.0,0.0,1.0,0.0,0.4412899750790439,1.0,1.0,1.0,1.0,1.0,0.0,0.0,0.0,0.0,0.0,0.0,0.0,0.0,0.0,0.0,0.0,0.0,0.0,0.0,0.0,0.0,0.0,0.0,0.0,0.0,0.0,0.0,0.0,0.0,0.0,0.0,0.0,0.0,0.0,0.0,0.0,0.0,0.0,0.0,0.0,0.0,0.0,0.0,0.0,0.0,0.0,0.0,0.0,0.0,0.0,0.0,0.0,0.0,0.0,0.0,0.0,0.0,0.0,0.0,0.0,0.0,0.0,0.0,0.0,0.0,0.0,0.0,0.0,0.0,0.0,0.0,0.0,0.0,0.0,0.0,0.0,0.0,0.0,0.0,0.0,0.0,0.0,0.0,0.0,0.0,0.0,0.0,0.0,0.0,0.0,0.0,0.0,0.0,0.0,0.0,0.0,0.0,0.0
6,0.0,0.8571428571428571,1.0,0.0,0.0,0.8451542547285166,1.0,1.0,0.0,0.0,0.0,0.0,0.875609756097561,0.9128709291752769,0.0,0.0,0.0,0.0,0.14907119849998599,1.0,1.0,0.0,0.625,0.0,0.0,0.0,0.9459843358303369,1.0,0.3333333333333333,0.8116883116883117,1.0,0.9116846116771036,0.7545454545454545,0.9157509157509157,1.0,0.0,1.0,0.8320502943378436,0.0,0.0,0.0,0.858258202906994,1.0,1.0,0.8385254915624211,0.0,0.40451991747794525,0.842741935483871,0.8958064164776167,0.0,0.8964214570007952,0.8401680504168059,1.0,1.0,1.0,0.6708203932499369,1.0,1.0,0.0,0.0,0.0,1.0,0.0,0.0,1.0,0.4960158727618966,0.0,1.0,0.0,0.0,0.0,0.0,1.0,0.0,0.0,0.0,0.0,0.0,0.0,0.0,0.0,0.0,0.0,0.0,0.0,0.0,0.0,0.0,0.0,1.0,0.0,0.0,0.0,0.0,0.0,0.0,0.0,0.0,0.0,0.0,0.0,0.0,0.0,0.0,0.0,0.0,0.0,0.0,0.0,0.0,0.0,0.0,0.0,0.0,0.0,0.0,0.0,0.0,0.0,0.0,0.0,0.0,0.0,0.0,0.0,0.0,0.0,0.0,0.0,0.0,0.0,0.0,0.0,0.0,0.0,0.0,0.0,0.0,0.0,0.0,0.0,0.0,0.0,0.0,0.0,0.0,0.0,0.0,0.0,0.0,0.0,0.0,0.0,0.0,0.0,0.0,0.0,0.0,0.0,0.0,0.0,0.0,0.0,0.0,0.0,0.0,0.0,0.0,0.0,0.0,0.0,0.0,0.0,0.0,0.0,0.0,0.0,0.0,0.0,0.0,0.0,0.0,0.0,0.0,0.0,0.0,0.0
7,1.0,0.36556880747048387,1.0,0.0,0.0,0.7,1.0,1.0,1.0,1.0,0.0,0.0,0.7006490497453707,0.0,0.0,1.0,0.0,1.0,0.6922186552431729,1.0,1.0,0.0,0.8111773283374345,0.0,1.0,0.0,1.0,1.0,0.0,0.0,1.0,0.7043173944508144,1.0,0.5745407621558638,1.0,1.0,1.0,0.7035264706814485,1.0,1.0,1.0,0.8141195843820603,1.0,1.0,0.6972166887783964,0.30151134457776363,0.7042028396309278,0.7006490497453707,1.0,1.0,0.0,0.0,0.0,1.0,0.8128757356766885,0.3707113440195691,1.0,1.0,0.5,1.0,1.0,1.0,0.0,0.0,1.0,0.4034281889002974,0.0,0.0,0.0,0.0,0.0,0.0,1.0,0.0,1.0,1.0,1.0,0.0,1.0,0.0,1.0,1.0,0.0,0.0,0.0,0.0,1.0,0.0,1.0,0.6241515980843952,0.0,1.0,0.0,0.0,0.0,0.0,0.0,0.0,0.0,0.0,0.0,0.0,0.0,0.0,0.0,0.0,0.0,0.0,0.0,0.0,0.0,0.0,0.0,0.0,0.0,0.0,0.0,0.0,0.0,0.0,0.0,0.0,0.0,0.0,0.0,0.0,0.0,0.0,0.0,0.0,0.0,0.0,0.0,0.0,0.0,0.0,0.0,0.0,0.0,0.0,0.0,0.0,0.0,0.0,0.0,0.0,0.0,0.0,0.0,0.0,0.0,0.0,0.0,0.0,0.0,0.0,0.0,0.0,0.0,0.0,0.0,0.0,0.0,0.0,0.0,0.0,0.0,0.0,0.0,0.0,0.0,0.0,0.0,0.0,0.0,0.0,0.0,0.0,0.0,0.0,0.0,0.0,0.0,0.0,0.0,0.0,0.0
8,1.0,0.6539784217704622,-0.00016225864027259452,0.0,0.0,0.40387244239458975,0.0,1.0,1.0,0.5769881805562116,0.0,0.0,-0.013513513513513514,-0.0028256029332034156,0.0,0.3507552982911011,0.0,0.7061633427661526,0.5619514869490164,0.0,1.0,0.0,0.49936988027725265,0.0,0.5705974021574556,0.0,-0.0007974139377369626,0.4077494769803925,0.0,-0.0034129692832764505,1.0,-0.000532359716703542,0.7059272861515791,0.3324511101308631,0.7063651902314058,0.7067094185357876,0.0,-0.006655141069022954,1.0,1.0,1.0,0.4077413360791322,1.0,0.0,0.3427146441444411,0.2238549566158887,0.33217659533449007,-0.002398081534772182,0.0,1.0,-0.00671837316822557,-0.004048582995951417,0.0,0.0,0.33142493638676845,0.3556945918167367,0.0,1.0,0.19802950859533489,1.0,0.7058474626783007,0.0,0.0,0.0,1.0,-0.0006406179198727658,0.0,0.5,0.0,0.0,0.0,0.0,0.0,0.0,0.705815260873376,0.7048072408490471,1.0,0.0,1.0,1.0,1.0,0.7056503290095426,0.0,0.0,1.0,0.0,1.0,0.0,0.3715638592389433,0.4067466450811038,1.0,1.0,1.0,1.0,0.0,0.0,0.0,0.0,0.0,0.0,0.0,0.0,0.0,0.0,0.0,0.0,0.0,0.0,0.0,0.0,0.0,0.0,0.0,0.0,0.0,0.0,0.0,0.0,0.0,0.0,0.0,0.0,0.0,0.0,0.0,0.0,0.0,0.0,0.0,0.0,0.0,0.0,0.0,0.0,0.0,0.0,0.0,0.0,0.0,0.0,0.0,0.0,0.0,0.0,0.0,0.0,0.0,0.0,0.0,0.0,0.0,0.0,0.0,0.0,0.0,0.0,0.0,0.0,0.0,0.0,0.0,0.0,0.0,0.0,0.0,0.0,0.0,0.0,0.0,0.0,0.0,0.0,0.0,0.0,0.0,0.0,0.0,0.0,0.0,0.0,0.0,0.0,0.0,0.0,0.0,0.0,0.0
9,1.0,0.315292639969438,0.0,0.0,0.0,0.7060692064806225,0.0,1.0,0.5769881805562116,1.0,0.0,0.0,0.0,0.0,0.0,0.1837551844047188,0.0,1.0,0.47598581911649424,0.0,1.0,0.0,0.7067177265319581,0.0,1.0,0.0,0.0,0.5771896040218593,0.0,0.0,0.7056739392254927,0.0,0.7065601195036075,0.0,0.7060568818974697,1.0,0.0,0.0,1.0,1.0,1.0,0.44673194366877284,1.0,0.0,0.7044027300535328,0.1680519551428343,0.5768882040742382,0.0,0.0,1.0,0.0,0.0,0.0,0.0,0.4988909413330387,0.25715686057303144,0.0,1.0,0.10286889997472794,1.0,1.0,0.0,0.0,0.0,0.7062267475148988,0.0,0.0,1.0,0.0,0.0,0.0,0.0,0.0,0.0,0.4929408222146016,1.0,1.0,0.0,1.0,1.0,1.0,1.0,0.0,0.0,1.0,0.0,1.0,0.0,0.128819260761744,0.7065835796489937,1.0,1.0,0.0,1.0,0.0,0.0,0.0,0.0,0.0,0.0,0.0,0.0,0.0,0.0,0.0,0.0,0.0,0.0,0.0,0.0,0.0,0.0,0.0,0.0,0.0,0.0,0.0,0.0,0.0,0.0,0.0,0.0,0.0,0.0,0.0,0.0,0.0,0.0,0.0,0.0,0.0,0.0,0.0,0.0,0.0,0.0,0.0,0.0,0.0,0.0,0.0,0.0,0.0,0.0,0.0,0.0,0.0,0.0,0.0,0.0,0.0,0.0,0.0,0.0,0.0,0.0,0.0,0.0,0.0,0.0,0.0,0.0,0.0,0.0,0.0,0.0,0.0,0.0,0.0,0.0,0.0,0.0,0.0,0.0,0.0,0.0,0.0,0.0,0.0,0.0,0.0,0.0,0.0,0.0,0.0,0.0,0.0
10,0.0,0.0,0.0,0.0,0.0,0.0,0.0,0.0,0.0,0.0,1.0,0.0,0.0,0.0,0.0,0.0,0.0,0.0,0.0,0.0,0.0,0.0,0.0,0.0,0.0,0.0,0.0,0.0,0.0,0.0,0.0,0.0,0.0,0.0,0.0,0.0,0.0,0.0,0.0,0.0,0.0,0.0,0.0,0.0,0.0,0.0,0.0,0.0,0.0,0.0,0.0,0.0,0.0,0.0,0.0,0.0,0.0,0.0,0.0,0.0,0.0,0.0,0.0,0.0,0.0,0.0,0.0,0.0,0.0,0.0,0.0,0.0,0.0,0.0,0.0,0.0,0.0,0.0,0.0,0.0,0.0,0.0,0.0,0.0,0.0,0.0,0.0,0.0,0.0,0.0,0.0,0.0,0.0,0.0,0.0,0.0,0.0,0.0,0.0,0.0,0.0,0.0,0.0,0.0,0.0,0.0,0.0,0.0,0.0,0.0,0.0,0.0,0.0,0.0,0.0,0.0,0.0,0.0,0.0,0.0,0.0,0.0,0.0,0.0,0.0,0.0,0.0,0.0,0.0,0.0,0.0,0.0,0.0,0.0,0.0,0.0,0.0,0.0,0.0,0.0,0.0,0.0,0.0,0.0,0.0,0.0,0.0,0.0,0.0,0.0,0.0,0.0,0.0,0.0,0.0,0.0,0.0,0.0,0.0,0.0,0.0,0.0,0.0,0.0,0.0,0.0,0.0,0.0,0.0,0.0,0.0,0.0,0.0,0.0,0.0,0.0,0.0,0.0,0.0,0.0,0.0,0.0,0.0,0.0,0.0,0.0,0.0
11,0.0,0.0,0.0,0.0,0.0,0.0,0.0,0.0,0.0,0.0,0.0,1.0,0.0,0.0,0.0,0.0,0.0,0.0,0.0,0.0,0.0,0.0,0.0,0.0,0.0,0.0,0.0,0.0,0.0,0.0,0.0,0.0,0.0,0.0,0.0,0.0,0.0,0.0,0.0,0.0,0.0,0.0,0.0,0.0,0.0,0.0,0.0,0.0,0.0,0.0,0.0,0.0,0.0,0.0,0.0,0.0,0.0,0.0,0.0,0.0,0.0,0.0,0.0,0.0,0.0,0.0,0.0,0.0,0.0,0.0,0.0,0.0,0.0,0.0,0.0,0.0,0.0,0.0,0.0,0.0,0.0,0.0,0.0,0.0,0.0,0.0,0.0,0.0,0.0,0.0,0.0,0.0,0.0,0.0,0.0,0.0,0.0,0.0,0.0,0.0,0.0,0.0,0.0,0.0,0.0,0.0,0.0,0.0,0.0,0.0,0.0,0.0,0.0,0.0,0.0,0.0,0.0,0.0,0.0,0.0,0.0,0.0,0.0,0.0,0.0,0.0,0.0,0.0,0.0,0.0,0.0,0.0,0.0,0.0,0.0,0.0,0.0,0.0,0.0,0.0,0.0,0.0,0.0,0.0,0.0,0.0,0.0,0.0,0.0,0.0,0.0,0.0,0.0,0.0,0.0,0.0,0.0,0.0,0.0,0.0,0.0,0.0,0.0,0.0,0.0,0.0,0.0,0.0,0.0,0.0,0.0,0.0,0.0,0.0,0.0,0.0,0.0,0.0,0.0,0.0,0.0,0.0,0.0,0.0,0.0,0.0,0.0
12,0.0,0.7587869106393281,0.891896981712967,0.0,0.0,1.0,0.875609756097561,0.7006490497453707,-0.013513513513513514,0.0,0.0,0.0,1.0,1.0,0.0,0.0,0.0,0.0,0.4654746681256314,0.9227493778812976,0.8111773283374345,0.0,0.9190867733214366,0.0,0.0,0.0,0.9334219816056835,0.9244162777371753,0.5773502691896258,1.0,0.8892719481132583,1.0,0.8879221796427035,1.0,0.7036320339607104,0.0,0.8915372732967587,1.0,0.0,0.0,0.0,0.8297358245017137,0.856127645538062,0.9098229375970787,1.0,-0.2581988897471611,0.25273714179236934,1.0,0.909581293506195,0.0,1.0,1.0,0.8877272675166271,0.9128709291752768,0.9225076737693109,0.4146442144313647,0.8579691784155833,0.7071067811865476,0.0,0.0,0.0,1.0,0.0,0.0,1.0,0.4182268450267578,0.0,1.0,0.0,0.0,0.0,0.0,1.0,0.0,0.0,0.0,0.0,0.0,0.0,0.0,0.0,0.0,0.0,0.0,0.0,0.0,0.0,0.0,0.0,0.7001400420140049,0.0,0.0,0.0,0.0,0.0,0.0,0.0,0.0,0.0,0.0,0.0,0.0,0.0,0.0,0.0,0.0,0.0,0.0,0.0,0.0,0.0,0.0,0.0,0.0,0.0,0.0,0.0,0.0,0.0,0.0,0.0,0.0,0.0,0.0,0.0,0.0,0.0,0.0,0.0,0.0,0.0,0.0,0.0,0.0,0.0,0.0,0.0,0.0,0.0,0.0,0.0,0.0,0.0,0.0,0.0,0.0,0.0,0.0,0.0,0.0,0.0,0.0,0.0,0.0,0.0,0.0,0.0,0.0,0.0,0.0,0.0,0.0,0.0,0.0,0.0,0.0,0.0,0.0,0.0,0.0,0.0,0.0,0.0,0.0,0.0,0.0,0.0,0.0,0.0,0.0,0.0,0.0,0.0,0.0,0.0,0.0,0.0
13,0.0,0.7960195695691951,0.815622855069198,0.0,0.0,0.9419577465627994,0.9128709291752769,0.0,-0.0028256029332034156,0.0,0.0,0.0,1.0,1.0,0.0,-0.009345794392523364,0.7054831124969249,0.0,0.4743416490252569,0.9460443964212251,0.9242442346305513,0.0,1.0,0.7045948486252365,0.0,0.0,0.9381654217551794,0.9158974358974359,0.0,0.9525744077866407,0.8931070025445441,0.9526487072455893,0.931373661079013,0.9698168943297688,-0.005760555989610798,0.0,0.9111725631848598,1.0,0.0,0.0,0.0,0.8005149028040746,0.9042179288717304,0.892867595757628,0.9340045277359877,-0.03308611113236434,0.28313014326427294,0.9526093787040211,0.8650339605243322,0.0,0.8320261233567099,1.0,0.9231711097944864,0.9013878188659974,0.8930991617730049,0.42008402520840293,0.8094272134003795,0.8116219309075863,0.1889822365046136,0.0,0.0,0.7063993204979744,0.0,0.0,1.0,0.3609666057143517,0.0,1.0,0.0,0.0,0.0,0.0,0.952980920819175,0.0,0.0,0.0,0.0,0.0,0.0,0.0,0.0,0.0,0.0,0.0,0.0,0.0,0.0,0.0,-0.018918504347032943,0.0,0.0,0.0,0.0,0.0,0.0,0.0,0.0,0.0,0.0,0.0,0.0,0.0,0.0,0.0,0.0,0.0,0.0,0.0,0.0,0.0,0.0,0.0,0.0,0.0,0.0,0.0,0.0,0.0,0.0,0.0,0.0,0.0,0.0,0.0,0.0,0.0,0.0,0.0,0.0,0.0,0.0,0.0,0.0,0.0,0.0,0.0,0.0,0.0,0.0,0.0,0.0,0.0,0.0,0.0,0.0,0.0,0.0,0.0,0.0,0.0,0.0,0.0,0.0,0.0,0.0,0.0,0.0,0.0,0.0,0.0,0.0,0.0,0.0,0.0,0.0,0.0,0.0,0.0,0.0,0.0,0.0,0.0,0.0,0.0,0.0,0.0,0.0,0.0,0.0,0.0,0.0,0.0,0.0,0.0,0.0,0.0,0.0
14,0.0,0.0,0.0,0.0,0.0,0.0,0.0,0.0,0.0,0.0,0.0,0.0,0.0,0.0,1.0,0.0,0.0,0.0,0.0,0.0,0.0,0.0,0.0,0.0,0.0,0.0,0.0,0.0,0.0,0.0,0.0,0.0,0.0,0.0,0.0,0.0,0.0,0.0,0.0,0.0,0.0,0.0,0.0,0.0,0.0,0.0,0.0,0.0,0.0,0.0,0.0,0.0,0.0,0.0,0.0,0.0,0.0,0.0,0.0,0.0,0.0,0.0,0.0,0.0,0.0,0.0,0.0,0.0,0.0,0.0,0.0,0.0,0.0,0.0,0.0,0.0,0.0,0.0,0.0,0.0,0.0,0.0,0.0,0.0,0.0,0.0,0.0,0.0,0.0,0.0,0.0,0.0,0.0,0.0,0.0,0.0,0.0,0.0,0.0,0.0,0.0,0.0,0.0,0.0,0.0,0.0,0.0,0.0,0.0,0.0,0.0,0.0,0.0,0.0,0.0,0.0,0.0,0.0,0.0,0.0,0.0,0.0,0.0,0.0,0.0,0.0,0.0,0.0,0.0,0.0,0.0,0.0,0.0,0.0,0.0,0.0,0.0,0.0,0.0,0.0,0.0,0.0,0.0,0.0,0.0,0.0,0.0,0.0,0.0,0.0,0.0,0.0,0.0,0.0,0.0,0.0,0.0,0.0,0.0,0.0,0.0,0.0,0.0,0.0,0.0,0.0,0.0,0.0,0.0,0.0,0.0,0.0,0.0,0.0,0.0,0.0,0.0,0.0,0.0,0.0,0.0,0.0,0.0,0.0,0.0,0.0,0.0
15,0.5669467095138409,0.2841688473443973,0.0,0.0,0.0,0.39532139618164647,0.0,1.0,0.3507552982911011,0.1837551844047188,0.0,0.0,0.0,-0.009345794392523364,0.0,1.0,0.0,0.701729465267237,0.6454972243679028,0.0,0.564932682866032,0.0,0.3462515246668262,0.0,1.0,0.0,0.0,0.19836953801677948,0.0,-0.01842711517991869,0.7021094974994095,-0.006052430519203831,0.5727128425310541,-0.004337386803243426,0.7,0.43869446108730303,0.0,0.0,0.5691604887655424,0.6933752452815364,0.6933752452815364,0.20808631337676778,1.0,0.0,0.3768673314407159,0.22085718770366425,0.3122387487351613,-0.013933307603182383,0.0,1.0,-0.033786868919974296,-0.010869565217391304,0.0,0.0,0.44320263021395917,0.21511571573888635,0.0,0.4873397172404482,0.25,0.43064433753916403,1.0,0.0,0.0,0.0,0.5727861638528923,-0.004611091244290324,0.0,0.0,0.0,0.0,0.0,0.0,0.0,0.0,0.43852900965351466,1.0,1.0,0.0,0.330793613794555,1.0,0.5671308728156005,1.0,0.0,0.0,0.5665577237325317,0.0,1.0,0.0,0.2418968184289409,0.3100062839748512,0.5709705123798654,1.0,0.0,1.0,0.0,0.0,0.0,0.0,0.0,0.0,0.0,0.2158938847941864,0.0,0.0,0.0,0.2469914668343731,0.0,0.7028341935438669,0.4922874554317936,0.5748124535230132,0.2845960259019505,0.0,0.0,0.0,0.5714886933258843,0.0,0.43254684624159306,0.6871842709362768,0.0,0.0,0.0,0.0,0.0,1.0,0.0,0.0,0.0,0.0,0.0,0.0,0.0,0.0,0.0,0.0,0.0,0.0,0.0,0.0,0.0,0.0,0.0,0.0,0.0,0.0,0.0,0.0,0.0,0.0,0.0,0.0,0.0,0.0,0.0,0.0,0.0,0.0,0.0,0.0,0.0,0.0,0.0,0.0,0.0,0.0,0.0,0.0,0.0,0.0,0.0,0.0,0.0,0.0,0.0,0.0,0.0,0.0,0.0,0.0,0.0,0.0,0.0,0.0,0.0,0.0,0.0,0.0,0.0
16,0.0,0.0,0.0,0.0,0.0,0.7057079533454471,0.0,0.0,0.0,0.0,0.0,0.0,0.0,0.7054831124969249,0.0,0.0,1.0,0.0,0.0,1.0,1.0,0.0,0.0,0.0,0.0,0.0,1.0,0.7062042833316139,0.0,0.7057456504130387,0.0,0.0,0.0,0.5760543073551498,0.0,0.0,1.0,0.0,0.0,0.0,0.0,0.0,0.0,1.0,0.575409590524879,0.0,0.0,0.7049737241963199,1.0,0.0,0.5731816206611906,0.0,0.0,0.0,0.0,0.0,0.0,0.0,0.0,0.0,0.0,0.0,0.0,0.0,1.0,0.0,0.0,1.0,0.0,0.0,0.0,0.0,1.0,0.0,0.0,0.0,0.0,0.0,0.0,0.0,0.0,0.0,0.0,0.0,0.0,0.0,0.0,0.0,0.0,0.0,0.0,0.0,0.0,0.0,0.0,0.0,0.0,0.0,0.0,0.0,0.0,0.0,0.0,0.0,0.0,0.0,0.0,0.0,0.0,0.0,0.0,0.0,0.0,0.0,0.0,0.0,0.0,0.0,0.0,0.0,0.0,0.0,0.0,0.0,0.0,0.0,0.0,0.0,0.0,0.0,0.0,0.0,0.0,0.0,0.0,0.0,0.0,0.0,0.0,0.0,0.0,0.0,0.0,0.0,0.0,0.0,0.0,0.0,0.0,0.0,0.0,0.0,0.0,0.0,0.0,0.0,0.0,0.0,0.0,0.0,0.0,0.0,0.0,0.0,0.0,0.0,0.0,0.0,0.0,0.0,0.0,0.0,0.0,0.0,0.0,0.0,0.0,0.0,0.0,0.0,0.0,0.0,0.0,0.0,0.0,0.0,0.0
17,1.0,0.44398457423459364,0.0,0.0,0.0,0.706075260898212,0.0,1.0,0.7061633427661526,1.0,0.0,0.0,0.0,0.0,0.0,0.701729465267237,0.0,1.0,0.3646984043128985,0.0,1.0,0.0,0.7053715472060403,0.0,1.0,0.0,0.0,0.7066169253735554,0.0,0.0,1.0,0.0,1.0,0.0,1.0,1.0,0.0,0.0,1.0,1.0,1.0,0.7062178973893006,1.0,0.0,0.574484989621426,0.20634467524023972,0.7060113401241519,0.0,0.0,1.0,0.0,0.0,0.0,0.0,1.0,0.28054180384339106,0.0,1.0,0.1111111111111111,1.0,1.0,0.0,0.0,0.0,1.0,0.0,0.0,1.0,0.0,0.0,0.0,0.0,0.0,0.0,0.6993786061802354,1.0,1.0,0.0,1.0,1.0,1.0,1.0,0.0,0.0,1.0,0.0,1.0,0.0,0.4372742745792293,0.7051288562458741,1.0,1.0,1.0,1.0,0.0,0.0,0.0,0.0,0.0,0.0,0.0,0.0,0.0,0.0,0.0,0.0,0.0,0.0,0.0,0.0,0.0,0.0,0.0,0.0,0.0,0.0,0.0,0.0,0.0,0.0,0.0,0.0,0.0,0.0,0.0,0.0,0.0,0.0,0.0,0.0,0.0,0.0,0.0,0.0,0.0,0.0,0.0,0.0,0.0,0.0,0.0,0.0,0.0,0.0,0.0,0.0,0.0,0.0,0.0,0.0,0.0,0.0,0.0,0.0,0.0,0.0,0.0,0.0,0.0,0.0,0.0,0.0,0.0,0.0,0.0,0.0,0.0,0.0,0.0,0.0,0.0,0.0,0.0,0.0,0.0,0.0,0.0,0.0,0.0,0.0,0.0,0.0,0.0,0.0,0.0,0.0,0.0
18,0.6546536707079772,0.8993461677306268,0.7649739768026003,0.53748384988657,0.0,0.49735027281476557,0.14907119849998599,0.6922186552431729,0.5619514869490164,0.47598581911649424,0.0,0.0,0.4654746681256314,0.4743416490252569,0.0,0.6454972243679028,0.0,0.3646984043128985,1.0,0.3086066999241838,0.36564960508611755,0.0,0.8523863560616161,0.5310850045437943,0.47985743496869654,0.0,0.47084829107425585,0.35082320772281167,0.0,0.5763774795025094,0.44736475778093526,0.522043168490348,0.47770322487661093,0.3433032811627976,0.2305213582693749,0.5615294429638711,0.3090575499818436,0.7989354619369612,0.4472135954999579,0.6123724356957946,0.6123724356957946,0.659380473395787,0.6285393610547089,0.33191789877230743,0.49642754424112134,0.28867513459481287,0.7964977100723752,0.36932327680696675,0.2610208193456379,0.6928203230275508,0.42660999297446744,0.2820380374088831,0.46291004988627577,0.42174116783664994,0.49099025303098287,0.6953288019758299,0.346843987809648,0.7745966692414834,0.0,0.6614378277661476,0.3895968612369898,1.0,0.0,0.0,0.4935953440181174,0.6882472016116853,0.0,0.0,0.0,0.0,0.0,0.0,0.37069661729799513,0.0,0.5,1.0,1.0,0.0,1.0,0.0,1.0,0.6959705453537528,0.0,0.0,1.0,0.0,0.0,0.0,1.0,0.6793662204867574,1.0,1.0,0.0,0.0,0.0,0.0,0.0,0.0,0.0,1.0,0.0,0.0,0.0,0.0,0.0,0.0,0.0,0.0,0.0,0.0,0.0,0.0,0.0,0.0,0.0,0.0,0.0,0.0,0.0,0.0,0.0,0.0,0.0,0.0,0.0,0.0,0.0,0.0,0.0,0.0,0.0,0.0,0.0,0.0,0.0,0.0,0.0,0.0,0.0,0.0,0.0,0.0,0.0,0.0,0.0,0.0,0.0,0.0,0.0,0.0,0.0,0.0,0.0,0.0,0.0,0.0,0.0,0.0,0.0,0.0,0.0,0.0,0.0,0.0,0.0,0.0,0.0,0.0,0.0,0.0,0.0,0.0,0.0,0.0,0.0,0.0,0.0,0.0,0.0,0.0,0.0,0.0,0.0,0.0,0.0,0.0,0.0
19,0.0,0.5936580061249742,1.0,0.0,0.0,0.9097392872555607,1.0,1.0,0.0,0.0,0.0,0.0,0.9227493778812976,0.9460443964212251,0.0,0.0,1.0,0.0,0.3086066999241838,1.0,1.0,0.0,0.9111337802573134,0.0,0.0,0.0,0.9544200592195788,1.0,0.3333333333333333,0.9231248390323696,0.9102133662460814,0.8805634312038806,0.910934827464076,0.9776047910516314,1.0,0.0,1.0,0.8154215355886515,0.0,0.0,0.0,0.8933617621631441,1.0,1.0,0.9080536347093006,0.0,0.26351546137100734,0.9331411614458266,1.0,0.0,0.8146251075818854,0.8625819491779427,0.8916961092320141,1.0,0.9249208085454904,0.14893803974317535,1.0,1.0,0.10482848367219183,0.0,0.0,1.0,0.0,0.0,1.0,0.3310283637639444,0.0,1.0,0.0,0.0,0.0,0.0,1.0,0.0,0.0,0.0,0.0,0.0,0.0,0.0,0.0,0.0,0.0,0.0,0.0,0.0,0.0,0.0,0.0,0.705990589833713,0.0,0.0,0.0,0.0,0.0,0.0,0.0,0.0,0.0,0.0,0.0,0.0,0.0,0.0,0.0,0.0,0.0,0.0,0.0,0.0,0.0,0.0,0.0,0.0,0.0,0.0,0.0,0.0,0.0,0.0,0.0,0.0,0.0,0.0,0.0,0.0,0.0,0.0,0.0,0.0,0.0,0.0,0.0,0.0,0.0,0.0,0.0,0.0,0.0,0.0,0.0,0.0,0.0,0.0,0.0,0.0,0.0,0.0,0.0,0.0,0.0,0.0,0.0,0.0,0.0,0.0,0.0,0.0,0.0,0.0,0.0,0.0,0.0,0.0,0.0,0.0,0.0,0.0,0.0,0.0,0.0,0.0,0.0,0.0,0.0,0.0,0.0,0.0,0.0,0.0,0.0,0.0,0.0,0.0,0.0,0.0,0.0
20,1.0,0.6983587316220704,1.0,0.0,0.0,0.9244965535636249,1.0,1.0,1.0,1.0,0.0,0.0,0.8111773283374345,0.9242442346305513,0.0,0.564932682866032,1.0,1.0,0.36564960508611755,1.0,1.0,0.0,0.8893881244738183,0.0,1.0,0.0,0.9343410080190504,0.8933410616484527,0.0,0.9242388516503993,1.0,0.8640276493271748,1.0,0.8642489395470478,1.0,1.0,1.0,0.7018100265975372,1.0,1.0,1.0,0.8124444637023875,1.0,1.0,0.8497296919483742,0.30550504633038933,0.5737530362306162,0.9331738300708966,1.0,1.0,0.8768630958643937,0.8151700218372634,0.8083720347307009,1.0,0.8632804669149894,0.43950243817570933,1.0,1.0,0.31622776601683794,1.0,1.0,1.0,0.0,0.0,0.9094065108740986,0.44351755199770976,0.0,1.0,0.0,0.0,0.0,0.0,1.0,0.0,1.0,1.0,1.0,0.0,1.0,1.0,1.0,1.0,0.0,0.0,1.0,0.0,1.0,0.0,0.4342481186734475,1.0,1.0,1.0,0.0,1.0,0.0,0.0,0.0,0.0,0.0,0.0,0.0,0.0,0.0,0.0,0.0,0.0,0.0,0.0,0.0,0.0,0.0,0.0,0.0,0.0,0.0,0.0,0.0,0.0,0.0,0.0,0.0,0.0,0.0,0.0,0.0,0.0,0.0,0.0,0.0,0.0,0.0,0.0,0.0,0.0,0.0,0.0,0.0,0.0,0.0,0.0,0.0,0.0,0.0,0.0,0.0,0.0,0.0,0.0,0.0,0.0,0.0,0.0,0.0,0.0,0.0,0.0,0.0,0.0,0.0,0.0,0.0,0.0,0.0,0.0,0.0,0.0,0.0,0.0,0.0,0.0,0.0,0.0,0.0,0.0,0.0,0.0,0.0,0.0,0.0,0.0,0.0,0.0,0.0,0.0,0.0,0.0,0.0
21,0.0,0.0,0.0,0.0,0.0,0.0,0.0,0.0,0.0,0.0,0.0,0.0,0.0,0.0,0.0,0.0,0.0,0.0,0.0,0.0,0.0,1.0,0.0,0.0,0.0,0.0,0.0,0.0,0.0,0.0,0.0,0.0,0.0,0.0,0.0,0.0,0.0,0.0,0.0,0.0,0.0,0.0,0.0,0.0,0.0,0.0,0.0,0.0,0.0,0.0,0.0,0.0,0.0,0.0,0.0,0.0,0.0,0.0,0.0,0.0,0.0,0.0,0.0,0.0,0.0,0.0,0.0,0.0,0.0,0.0,0.0,0.0,0.0,0.0,0.0,0.0,0.0,0.0,0.0,0.0,0.0,0.0,0.0,0.0,0.0,0.0,0.0,0.0,0.0,0.0,0.0,0.0,0.0,0.0,0.0,0.0,0.0,0.0,0.0,0.0,0.0,0.0,0.0,0.0,0.0,0.0,0.0,0.0,0.0,0.0,0.0,0.0,0.0,0.0,0.0,0.0,0.0,0.0,0.0,0.0,0.0,0.0,0.0,0.0,0.0,0.0,0.0,0.0,0.0,0.0,0.0,0.0,0.0,0.0,0.0,0.0,0.0,0.0,0.0,0.0,0.0,0.0,0.0,0.0,0.0,0.0,0.0,0.0,0.0,0.0,0.0,0.0,0.0,0.0,0.0,0.0,0.0,0.0,0.0,0.0,0.0,0.0,0.0,0.0,0.0,0.0,0.0,0.0,0.0,0.0,0.0,0.0,0.0,0.0,0.0,0.0,0.0,0.0,0.0,0.0,0.0,0.0,0.0,0.0,0.0,0.0,0.0
22,0.7006490497453707,0.782697328259534,0.8942708636036332,0.0,0.0,1.0,0.625,0.8111773283374345,0.49936988027725265,0.7067177265319581,0.0,0.0,0.9190867733214366,1.0,0.0,0.3462515246668262,0.0,0.7053715472060403,0.8523863560616161,0.9111337802573134,0.8893881244738183,0.0,1.0,0.0,0.6977407149243606,0.0,0.922018722018722,0.9369802494802495,0.0,1.0,0.7950584077005827,0.8811349154157362,0.9337182177428732,0.9570906371405156,0.49473684210526314,0.7065609634431613,0.7987389659520807,1.0,0.6974858324629157,0.6922186552431729,0.689202437604511,0.957089688500835,0.9007793896243018,0.7481916817359855,0.9210354677440036,0.15166630138524925,0.5148153216769552,0.9235481451827989,0.9117291264405235,0.7057243619147635,0.8410811984687224,1.0,0.7246911934520669,0.6904761904761905,0.8223205701475029,0.4542323058545824,0.8913797300417212,0.8638357026727486,0.6123724356957946,0.7002746713858894,0.7035975447302919,1.0,0.0,0.0,1.0,0.6320301611535633,0.0,1.0,0.0,0.0,0.0,0.0,0.893493063130438,0.0,0.4964663868173117,0.702312781631691,1.0,0.0,1.0,1.0,1.0,1.0,0.0,0.0,1.0,0.0,1.0,0.0,0.3488165761575579,0.7056883107888127,1.0,1.0,1.0,1.0,0.0,0.0,0.0,0.0,0.0,0.0,0.0,0.0,0.0,0.0,0.0,0.0,0.0,0.0,0.0,0.0,0.0,0.0,0.0,0.0,0.0,0.0,0.0,0.0,0.0,0.0,0.0,0.0,0.0,0.0,0.0,0.0,0.0,0.0,0.0,0.0,0.0,0.0,0.0,0.0,0.0,0.0,0.0,0.0,0.0,0.0,0.0,0.0,0.0,0.0,0.0,0.0,0.0,0.0,0.0,0.0,0.0,0.0,0.0,0.0,0.0,0.0,0.0,0.0,0.0,0.0,0.0,0.0,0.0,0.0,0.0,0.0,0.0,0.0,0.0,0.0,0.0,0.0,0.0,0.0,0.0,0.0,0.0,0.0,0.0,0.0,0.0,0.0,0.0,0.0,0.0,0.0,0.0
23,0.0,0.574755423385904,0.0,0.0,0.0,0.0,0.0,0.0,0.0,0.0,0.0,0.0,0.0,0.7045948486252365,0.0,0.0,0.0,0.0,0.5310850045437943,0.0,0.0,0.0,0.0,1.0,0.0,0.0,0.5758830488528089,0.0,0.0,0.0,0.0,0.5757619573242327,0.7030312038332426,0.0,0.0,0.0,0.0,0.0,0.0,0.0,0.0,0.4974160033738069,0.0,0.0,0.0,0.0,0.0,0.0,0.0,0.0,0.0,0.0,0.0,0.0,0.0,0.4971181316162278,0.0,0.0,0.2,0.0,0.0,0.0,0.0,0.0,0.0,0.0,0.0,0.0,0.0,0.0,0.0,0.0,0.0,0.0,0.0,0.0,0.0,0.0,0.0,0.0,0.0,0.0,0.0,0.0,0.0,0.0,0.0,0.0,0.0,0.0,0.0,0.0,0.0,0.0,0.0,0.0,0.0,0.0,0.0,0.0,0.0,0.0,0.0,0.0,0.0,0.0,0.0,0.0,0.0,0.0,0.0,0.0,0.0,0.0,0.0,0.0,0.0,0.0,0.0,0.0,0.0,0.0,0.0,0.0,0.0,0.0,0.0,0.0,0.0,0.0,0.0,0.0,0.0,0.0,0.0,0.0,0.0,0.0,0.0,0.0,0.0,0.0,0.0,0.0,0.0,0.0,0.0,0.0,0.0,0.0,0.0,0.0,0.0,0.0,0.0,0.0,0.0,0.0,0.0,0.0,0.0,0.0,0.0,0.0,0.0,0.0,0.0,0.0,0.0,0.0,0.0,0.0,0.0,0.0,0.0,0.0,0.0,0.0,0.0,0.0,0.0,0.0,0.0,0.0,0.0,0.0,0.0
24,1.0,0.49065338146265813,0.0,0.0,0.0,0.7019641181630338,0.0,1.0,0.5705974021574556,1.0,0.0,0.0,0.0,0.0,0.0,1.0,0.0,1.0,0.47985743496869654,0.0,1.0,0.0,0.6977407149243606,0.0,1.0,0.0,0.0,0.7053629886893753,0.0,0.0,1.0,0.0,1.0,0.0,1.0,1.0,0.0,0.8148008437267105,1.0,1.0,1.0,0.7047769337285306,1.0,0.0,0.7005289007176939,0.2,0.5737076443764132,0.0,0.0,1.0,0.0,0.0,0.0,0.0,0.7047299449448798,0.30949223029508643,0.0,1.0,0.125,1.0,1.0,0.0,0.0,0.0,1.0,0.0,0.0,1.0,0.0,0.0,0.0,0.0,0.0,0.0,1.0,1.0,1.0,0.0,1.0,1.0,0.0,1.0,0.0,0.0,0.0,0.0,1.0,0.0,0.408248290463863,0.7016464154456235,1.0,1.0,0.0,1.0,0.0,0.0,0.0,0.0,0.0,0.0,0.0,0.0,0.0,0.0,0.0,0.0,0.0,0.0,0.0,0.0,0.0,0.0,0.0,0.0,0.0,0.0,0.0,0.0,0.0,0.0,0.0,0.0,0.0,0.0,0.0,0.0,0.0,0.0,0.0,0.0,0.0,0.0,0.0,0.0,0.0,0.0,0.0,0.0,0.0,0.0,0.0,0.0,0.0,0.0,0.0,0.0,0.0,0.0,0.0,0.0,0.0,0.0,0.0,0.0,0.0,0.0,0.0,0.0,0.0,0.0,0.0,0.0,0.0,0.0,0.0,0.0,0.0,0.0,0.0,0.0,0.0,0.0,0.0,0.0,0.0,0.0,0.0,0.0,0.0,0.0,0.0,0.0,0.0,0.0,0.0,0.0,0.0
25,0.0,0.0,0.0,0.0,0.0,0.0,0.0,0.0,0.0,0.0,0.0,0.0,0.0,0.0,0.0,0.0,0.0,0.0,0.0,0.0,0.0,0.0,0.0,0.0,0.0,1.0,0.0,0.0,0.0,0.0,0.0,0.0,0.0,0.0,0.0,0.0,0.0,0.0,0.0,0.0,0.0,0.0,0.0,0.0,0.0,0.0,0.0,0.0,0.0,0.0,0.0,0.0,0.0,0.0,0.0,0.0,0.0,0.0,0.0,0.0,0.0,0.0,0.0,0.0,0.0,0.0,0.0,0.0,0.0,0.0,0.0,0.0,0.0,0.0,0.0,0.0,0.0,0.0,0.0,0.0,0.0,0.0,0.0,0.0,0.0,0.0,0.0,0.0,0.0,0.0,0.0,0.0,0.0,0.0,0.0,0.0,0.0,0.0,0.0,0.0,0.0,0.0,0.0,0.0,0.0,0.0,0.0,0.0,0.0,0.0,0.0,0.0,0.0,0.0,0.0,0.0,0.0,0.0,0.0,0.0,0.0,0.0,0.0,0.0,0.0,0.0,0.0,0.0,0.0,0.0,0.0,0.0,0.0,0.0,0.0,0.0,0.0,0.0,0.0,0.0,0.0,0.0,0.0,0.0,0.0,0.0,0.0,0.0,0.0,0.0,0.0,0.0,0.0,0.0,0.0,0.0,0.0,0.0,0.0,0.0,0.0,0.0,0.0,0.0,0.0,0.0,0.0,0.0,0.0,0.0,0.0,0.0,0.0,0.0,0.0,0.0,0.0,0.0,0.0,0.0,0.0,0.0,0.0,0.0,0.0,0.0,0.0
26,0.0,0.6312505932105728,0.8161819993013596,1.0,0.0,0.7805694830964925,0.9459843358303369,1.0,-0.0007974139377369626,0.0,0.0,0.0,0.9334219816056835,0.9381654217551794,0.0,0.0,1.0,0.0,0.47084829107425585,0.9544200592195788,0.9343410080190504,0.0,0.922018722018722,0.5758830488528089,0.0,0.0,1.0,0.962782691589343,0.4472135954999579,0.9402788045200127,0.9155354449472096,0.8688494892213763,0.9522579613618588,0.9441106815242336,0.4041190331812423,0.0,0.925070751127094,0.664367816091954,0.0,0.0,0.0,0.7516802633174859,0.944281031614353,0.9188297417084921,0.8342243298766463,0.13836283466609714,0.2860060712535865,0.8880055912841829,0.8521575358821077,0.0,0.6946251105933536,0.8558441558441559,1.0,1.0,0.902186679493075,0.3480742409157802,1.0,1.0,0.27258651025455277,0.0,0.0,0.6320091452950618,0.0,0.0,0.9567186895255961,0.2470341808192999,0.0,1.0,0.0,0.0,0.0,0.0,0.9530797494031176,0.0,0.0,0.0,0.0,0.0,0.0,0.0,0.0,0.0,0.0,0.0,0.0,0.0,0.0,0.0,-0.009806636584345139,0.6735769955553067,0.0,0.0,0.0,0.0,0.0,0.0,0.0,0.0,0.0,0.7068897107958036,0.0,0.0,0.0,0.0,0.0,0.0,0.0,0.0,0.0,0.0,0.0,0.0,0.0,0.0,0.0,0.0,0.0,0.0,0.0,0.0,0.0,0.0,0.0,0.0,0.0,0.0,0.0,0.0,0.0,0.0,0.0,0.0,0.0,0.0,0.0,0.0,0.0,0.0,0.0,0.0,0.0,0.0,0.0,0.0,0.0,0.0,0.0,0.0,0.0,0.0,0.0,0.0,0.0,0.0,0.0,0.0,0.0,0.0,0.0,0.0,0.0,0.0,0.0,0.0,0.0,0.0,0.0,0.0,0.0,0.0,0.0,0.0,0.0,0.0,0.0,0.0,0.0,0.0,0.0,0.0,0.0,0.0,0.0,0.0,0.0,0.0,0.0
27,0.7053006306475536,0.5851192459829915,0.7904043749759198,0.0,0.0,0.7488066825775657,1.0,1.0,0.4077494769803925,0.5771896040218593,0.0,0.0,0.9244162777371753,0.9158974358974359,0.0,0.19836953801677948,0.7062042833316139,0.7066169253735554,0.35082320772281167,1.0,0.8933410616484527,0.0,0.9369802494802495,0.0,0.7053629886893753,0.0,0.962782691589343,1.0,0.4472135954999579,0.922282641901387,0.9567843234557818,0.8643203841568806,0.8786115170361617,0.9673415122269993,0.823425896742791,1.0,1.0,0.6650511577813678,1.0,1.0,1.0,0.7789095250189454,0.9318643743169991,1.0,0.7686229844899962,0.13780369668064305,0.4347943848605133,0.8988331388564761,0.8656364410862718,1.0,0.5822005910153424,0.8160138752509352,0.83424309314584,1.0,0.866085078937712,0.29938950760329464,1.0,1.0,0.12869789041755736,1.0,0.7064330251677219,0.6322050380511655,0.0,0.0,0.960324019392529,0.24472375537262087,0.0,0.9245003270420485,0.0,0.0,0.0,0.0,0.9659238109345718,0.0,0.3280629091060961,1.0,1.0,0.0,1.0,1.0,1.0,1.0,0.0,0.0,1.0,0.0,1.0,0.0,0.1016176449959127,0.4699264290693017,1.0,1.0,1.0,1.0,0.0,0.0,0.0,0.0,0.0,0.0,0.0,0.0,0.0,0.0,0.0,0.0,0.0,0.0,0.0,0.0,0.0,0.0,0.0,0.0,0.0,0.0,0.0,0.0,0.0,0.0,0.0,0.0,0.0,0.0,0.0,0.0,0.0,0.0,0.0,0.0,0.0,0.0,0.0,0.0,0.0,0.0,0.0,0.0,0.0,0.0,0.0,0.0,0.0,0.0,0.0,0.0,0.0,0.0,0.0,0.0,0.0,0.0,0.0,0.0,0.0,0.0,0.0,0.0,0.0,0.0,0.0,0.0,0.0,0.0,0.0,0.0,0.0,0.0,0.0,0.0,0.0,0.0,0.0,0.0,0.0,0.0,0.0,0.0,0.0,0.0,0.0,0.0,0.0,0.0,0.0,0.0,0.0
28,0.0,0.0,0.0,0.0,0.0,0.0,0.3333333333333333,0.0,0.0,0.0,0.0,0.0,0.5773502691896258,0.0,0.0,0.0,0.0,0.0,0.0,0.3333333333333333,0.0,0.0,0.0,0.0,0.0,0.0,0.4472135954999579,0.4472135954999579,1.0,0.0,0.0,0.0,0.31622776601683794,0.5,0.25,0.0,0.3333333333333333,0.0,0.0,0.0,0.0,0.4472135954999579,0.0,0.3333333333333333,0.0,0.0,0.6666666666666666,0.0,0.25,0.0,0.0,0.0,0.0,0.25,0.4472135954999579,0.0,0.0,0.0,0.0,0.0,0.0,1.0,0.0,0.0,0.0,1.0,0.0,0.0,0.0,0.0,0.0,0.0,0.4082482904638631,0.0,0.0,0.0,0.0,0.0,0.0,0.0,0.0,0.0,0.0,0.0,0.0,0.0,0.0,0.0,0.0,0.0,0.0,0.0,0.0,0.0,0.0,0.0,0.0,0.0,0.0,0.0,0.0,0.0,0.0,0.0,0.0,0.0,0.0,0.0,0.0,0.0,0.0,0.0,0.0,0.0,0.0,0.0,0.0,0.0,0.0,0.0,0.0,0.0,0.0,0.0,0.0,0.0,0.0,0.0,0.0,0.0,0.0,0.0,0.0,0.0,0.0,0.0,0.0,0.0,0.0,0.0,0.0,0.0,0.0,0.0,0.0,0.0,0.0,0.0,0.0,0.0,0.0,0.0,0.0,0.0,0.0,0.0,0.0,0.0,0.0,0.0,0.0,0.0,0.0,0.0,0.0,0.0,0.0,0.0,0.0,0.0,0.0,0.0,0.0,0.0,0.0,0.0,0.0,0.0,0.0,0.0,0.0,0.0,0.0,0.0,0.0,0.0,0.0
29,0.0,0.7513796833634967,0.8654144510425874,0.0,0.0,1.0,0.8116883116883117,0.0,-0.0034129692832764505,0.0,0.0,0.0,1.0,0.9525744077866407,0.0,-0.01842711517991869,0.7057456504130387,0.0,0.5763774795025094,0.9231248390323696,0.9242388516503993,0.0,1.0,0.0,0.0,0.0,0.9402788045200127,0.922282641901387,0.0,1.0,0.8857832988267771,0.9413965927865788,0.6583333333333333,0.9004229074541519,0.0,0.0,0.8641964146176346,1.0,0.0,0.0,0.0,0.8279413788827306,0.9046835805696823,0.9235481451827989,0.8637433829436538,-0.0528114254034486,0.26055891554860783,1.0,0.9253050398718962,0.0,0.8781562460262912,1.0,0.8494505494505494,0.926871570979987,0.9237325658879052,0.4335201246683507,0.809173593712687,0.6995439243733446,0.2581988897471611,0.0,0.0,1.0,0.0,0.0,1.0,0.4440696999614113,0.0,1.0,0.0,0.0,0.0,0.0,1.0,0.0,0.0,0.0,0.0,0.0,0.0,0.0,0.0,0.0,0.0,0.0,0.0,0.0,0.0,0.0,0.0,0.5737304826019501,0.0,0.0,0.0,0.0,0.0,0.0,0.0,0.0,0.0,0.0,0.0,0.0,0.0,0.0,0.0,0.0,0.0,0.0,0.0,0.0,0.0,0.0,0.0,0.0,0.0,0.0,0.0,0.0,0.0,0.0,0.0,0.0,0.0,0.0,0.0,0.0,0.0,0.0,0.0,0.0,0.0,0.0,0.0,0.0,0.0,0.0,0.0,0.0,0.0,0.0,0.0,0.0,0.0,0.0,0.0,0.0,0.0,0.0,0.0,0.0,0.0,0.0,0.0,0.0,0.0,0.0,0.0,0.0,0.0,0.0,0.0,0.0,0.0,0.0,0.0,0.0,0.0,0.0,0.0,0.0,0.0,0.0,0.0,0.0,0.0,0.0,0.0,0.0,0.0,0.0,0.0,0.0,0.0,0.0,0.0,0.0,0.0
30,1.0,0.7257206142050043,1.0,0.0,0.0,0.7469418960244648,1.0,1.0,1.0,0.7056739392254927,0.0,0.0,0.8892719481132583,0.8931070025445441,0.0,0.7021094974994095,0.0,1.0,0.44736475778093526,0.9102133662460814,1.0,0.0,0.7950584077005827,0.0,1.0,0.0,0.9155354449472096,0.9567843234557818,0.0,0.8857832988267771,1.0,0.9417814564902588,1.0,0.8743061254737647,0.8143105085150718,1.0,1.0,0.49206349206349204,1.0,1.0,1.0,0.8000454156152883,1.0,1.0,0.8922322743392267,0.20980738489381365,0.5316284588563401,0.9115986345790499,1.0,1.0,0.8115178968200081,0.705662230584484,0.9328550687191299,1.0,0.9412969170457779,0.3799194747050427,0.8109609470607433,1.0,0.2182178902359924,1.0,1.0,1.0,0.0,0.0,1.0,0.37986742540482554,0.0,0.8770580193070291,0.0,0.0,0.0,0.0,0.9477776335977188,0.0,0.7002746713858894,0.6882472016116853,1.0,0.0,1.0,1.0,1.0,1.0,0.0,0.0,1.0,0.0,1.0,0.0,0.7037634679833308,0.5752546170141838,1.0,1.0,0.0,1.0,0.07881104062391008,0.0,0.0,0.0,0.0,0.0,0.0,0.0,0.0,0.0,0.0,0.0,0.0,0.0,0.0,0.0,0.0,0.0,0.0,0.0,0.0,0.0,0.0,0.0,0.0,0.0,0.0,0.0,0.0,0.0,0.0,0.0,0.0,0.0,0.0,0.0,0.0,0.0,0.0,0.0,0.0,0.0,0.0,0.0,0.0,0.0,0.0,0.0,0.0,0.0,0.0,0.0,0.0,0.0,0.0,0.0,0.0,0.0,0.0,0.0,0.0,0.0,0.0,0.0,0.0,0.0,0.0,0.0,0.0,0.0,0.0,0.0,0.0,0.0,0.0,0.0,0.0,0.0,0.0,0.0,0.0,0.0,0.0,0.0,0.0,0.0,0.0,0.0,0.0,0.0,0.0,0.0,0.0
31,0.0,0.5969620057957092,0.8014507516435327,0.7067768969692998,0.0,0.8934283886883636,0.9116846116771036,0.7043173944508144,-0.000532359716703542,0.0,0.0,0.0,1.0,0.9526487072455893,0.0,-0.006052430519203831,0.0,0.0,0.522043168490348,0.8805634312038806,0.8640276493271748,0.0,0.8811349154157362,0.5757619573242327,0.0,0.0,0.8688494892213763,0.8643203841568806,0.0,0.9413965927865788,0.9417814564902588,1.0,0.9342866617184794,0.9030865484136129,0.49778516057585825,0.0,0.9482839365097483,0.8143949131411177,0.0,0.0,0.0,0.8320534698521047,0.9206622874969126,0.9422750233904904,1.0,0.09486576762260093,0.37587509220275067,1.0,0.9251247785330668,0.0,0.8341810284139052,1.0,0.8681346700609194,0.9442501742697174,0.8881738341070126,0.3686691613167852,0.8764562641629061,0.8145026913069972,0.18898223650461363,0.0,0.0,0.8163140624095347,0.0,0.0,0.8650407242121347,0.3544904533151419,0.0,0.8740073734751262,0.0,0.0,0.0,0.0,0.9422503398787286,0.0,0.44297450840239055,0.0,0.0,0.0,0.0,0.0,0.0,0.0,0.0,0.0,0.0,0.0,0.0,0.0,0.0,0.6648326421005831,0.0,0.0,0.0,0.0,0.0,0.0,0.0,0.0,0.0,1.0,0.0,0.0,0.0,0.0,0.0,0.0,0.0,0.0,0.0,0.0,0.0,0.0,0.0,0.0,0.0,0.0,0.0,0.0,0.0,0.0,0.0,0.0,0.0,0.0,0.0,0.0,0.0,0.0,0.0,0.0,0.0,0.0,0.0,0.0,0.0,0.0,0.0,0.0,0.0,0.0,0.0,0.0,0.0,0.0,0.0,0.0,0.0,0.0,0.0,0.0,0.0,0.0,0.0,0.0,0.0,0.0,0.0,0.0,0.0,0.0,0.0,0.0,0.0,0.0,0.0,0.0,0.0,0.0,0.0,0.0,0.0,0.0,0.0,0.0,0.0,0.0,0.0,0.0,0.0,0.0,0.0,0.0,0.0,0.0,0.0,0.0,0.0
32,1.0,0.7334022006230877,0.7985272459499264,0.0,0.0,0.9088582902811997,0.7545454545454545,1.0,0.7059272861515791,0.7065601195036075,0.0,0.0,0.8879221796427035,0.931373661079013,0.0,0.5727128425310541,0.0,1.0,0.47770322487661093,0.910934827464076,1.0,0.0,0.9337182177428732,0.7030312038332426,1.0,0.0,0.9522579613618588,0.8786115170361617,0.31622776601683794,0.6583333333333333,1.0,0.9342866617184794,1.0,0.8406320705904211,1.0,1.0,1.0,0.812776759390954,1.0,1.0,1.0,0.9342472665800096,1.0,1.0,0.9061337822708901,0.2761273878318673,0.7052135869426767,0.8904607537574584,1.0,1.0,0.7677112288962897,0.8611463486004369,1.0,0.9010914559387476,1.0,0.41214649985021806,1.0,1.0,0.0,1.0,1.0,0.8154013469257729,0.0,0.0,0.9102885451354952,0.5137325680353281,0.0,1.0,0.0,0.0,0.0,0.0,1.0,0.0,0.5654448612875199,0.6908492797077574,1.0,0.0,1.0,1.0,1.0,1.0,0.0,0.0,1.0,0.0,1.0,0.0,0.26953584668754665,0.8138239171907651,1.0,1.0,0.0,1.0,0.0,0.0,0.0,0.0,0.0,0.0,0.0,0.0,0.0,0.0,0.0,0.0,0.0,0.0,0.0,0.0,0.0,0.0,0.0,0.0,0.0,0.0,0.0,0.0,0.0,0.0,0.0,0.0,0.0,0.0,0.0,0.0,0.0,0.0,0.0,0.0,0.0,0.0,0.0,0.0,0.0,0.0,0.0,0.0,0.0,0.0,0.0,0.0,0.0,0.0,0.0,0.0,0.0,0.0,0.0,0.0,0.0,0.0,0.0,0.0,0.0,0.0,0.0,0.0,0.0,0.0,0.0,0.0,0.0,0.0,0.0,0.0,0.0,0.0,0.0,0.0,0.0,0.0,0.0,0.0,0.0,0.0,0.0,0.0,0.0,0.0,0.0,0.0,0.0,0.0,0.0,0.0,0.0
33,0.0,0.5267023681505378,0.7974409535778859,0.0,0.0,0.8809793925206482,0.9157509157509157,0.5745407621558638,0.3324511101308631,0.0,0.0,0.0,1.0,0.9698168943297688,0.0,-0.004337386803243426,0.5760543073551498,0.0,0.3433032811627976,0.9776047910516314,0.8642489395470478,0.0,0.9570906371405156,0.0,0.0,0.0,0.9441106815242336,0.9673415122269993,0.5,0.9004229074541519,0.8743061254737647,0.9030865484136129,0.8406320705904211,1.0,0.6691431310967056,0.0,0.969849006718514,0.8652586702089043,0.0,0.0,0.0,0.7475734414557478,0.9316040891182201,0.9632002611389664,0.8408371211731782,0.08435238517114065,0.23312697246465672,0.9568715944471655,0.8878294287415955,0.0,0.6965090026668254,1.0,0.8171586968842082,0.9733005956983571,0.9042070855062679,0.29399117430416444,0.9105151293016966,0.8148619514985345,0.15811388300841897,0.0,0.0,0.7068498849814526,0.0,0.0,0.9481931490650438,0.23356918623904036,0.0,0.9251848886516145,0.0,0.0,0.0,0.0,0.9689252841906241,0.0,0.524455245854259,0.0,0.0,0.0,0.0,0.0,0.0,0.0,0.0,0.0,0.0,0.0,0.0,0.0,-0.008189881575498856,0.5330471222369764,0.0,0.0,0.0,0.0,0.0,0.0,0.0,0.0,0.0,0.0,0.0,0.0,0.0,0.0,0.0,0.0,0.0,0.0,0.0,0.0,0.0,0.0,0.0,0.0,0.0,0.0,0.0,0.0,0.0,0.0,0.0,0.0,0.0,0.0,0.0,0.0,0.0,0.0,0.0,0.0,0.0,0.0,0.0,0.0,0.0,0.0,0.0,0.0,0.0,0.0,0.0,0.0,0.0,0.0,0.0,0.0,0.0,0.0,0.0,0.0,0.0,0.0,0.0,0.0,0.0,0.0,0.0,0.0,0.0,0.0,0.0,0.0,0.0,0.0,0.0,0.0,0.0,0.0,0.0,0.0,0.0,0.0,0.0,0.0,0.0,0.0,0.0,0.0,0.0,0.0,0.0,0.0,0.0,0.0,0.0,0.0,0.0
